7118
7121
7202
73952
76400
7203
7250
7122
73954
7204
7055
4451
7206
7207
4452
7195
7208
4453
7060
7062
7123
7064
76395
76392
76405
76406
7211
7214
7067
7176
7215
45793
7068
7070
7071
4454
76399
7216
7073
7077
7080
4456
7083
4455
76393
7170
7127
7125
7178
7217
7087
7218
7222
7131
7089
7224
7174
7186
7128
4457
4458
7090
4459
7133
4460
7136
7227
7231
7141
7092
7093
7095
49685
7232
7142
4461
7145
73962
7116
7096
7239
49684
73948
4462
7240
7181
73950
7187
7101
7099
4463
7149
7102
7200
7201
7103
7153
7104
7106
7109
7107
7108
73946
4464
7242
7190
73953
7117
7111
49767
7192
7209
7158
73959
4465
7244
7164
7247
4466
7112
4467
49686
7168
73947
7194
7114
7115
