74012
6745
6748
6720
6767
6792
74009
74006
6750
6721
4377
73999
6807
73943
6809
49971
73940
6722
6768
6723
6724
4394
4395
4396
4397
4398
6726
6751
4379
6727
6728
4378
6752
6796
6791
6813
73979
4380
6729
4381
6772
6818
6731
6773
6732
6754
6766
6733
6800
6755
4382
6776
76408
4399
4400
4401
4402
6734
6777
73941
6735
6759
4383
4403
4404
4405
6736
6760
6737
6793
74013
6738
4384
6801
74010
76407
4409
4410
4411
4412
4413
6778
76343
6781
4388
4406
4407
4408
6740
6817
6782
6741
73942
73986
74005
6805
49972
6762
6784
6742
4385
6789
6764
4386
6765
