76383
6688
6626
6706
74027
6488
6661
6604
74014
6597
6638
6583
6489
4321
4322
73976
74026
6492
6499
6663
6642
4323
4324
4325
6501
6609
6613
6503
49687
6643
6502
6504
6509
6510
45750
6640
6692
6513
6665
6514
6645
6516
6596
6646
4326
6517
6608
6584
6518
6697
6519
6666
6619
6621
6522
6594
6623
6625
6698
4353
6585
4327
4328
6690
6670
6523
6524
6685
6627
6528
6532
6647
74008
6533
4329
6628
4330
6535
6538
6541
6607
74028
4331
6544
6545
6546
6650
4332
6699
6673
6547
74031
73977
4333
6549
6553
6554
6629
6556
6660
76398
76397
4376
4369
4370
4371
4372
4373
4374
4375
6557
6703
49970
6633
6674
6558
6686
6630
6560
4334
73944
4335
4336
6675
4337
4338
6704
6562
4339
6705
6707
6563
6564
74025
6711
6702
6565
6676
49769
6566
6589
4342
4341
4343
6712
6568
74007
6570
6491
6571
4344
4340
6641
6634
4345
6572
6677
6575
4346
6717
6577
4347
6636
4357
4358
4359
4360
4361
4362
6684
6655
6656
6718
4348
4349
6579
6580
6581
4350
6637
4351
4352
6539
6588
