74985
23948
23880
23947
23881
23882
23962
23883
74982
23949
23884
76259
23885
23950
23886
23887
23888
23889
23890
23891
23951
23892
23893
23965
45747
23964
23894
23895
23896
23897
23898
23899
23900
23901
23902
23903
23952
74983
74980
23961
23946
23904
23953
23954
23905
23955
23956
23906
23907
75101
23945
23908
23909
23963
23910
23911
75022
74987
23912
23913
23914
23916
23915
23957
23917
23918
74981
23958
23919
23920
23921
23922
23923
23924
23925
23926
23927
74984
74986
23967
23928
23959
75021
23930
23879
23931
23933
23932
23934
23935
23936
23937
23938
23960
23939
23940
23941
23929
23966
23942
23943
23944
