23683
23684
23685
23741
23686
23687
23688
23739
23689
23690
23742
23691
23692
23693
23772
23743
23694
23695
23744
23696
23697
23763
23769
23698
23699
23700
23771
23701
76355
23745
23702
23746
23703
74951
23704
23705
23747
74708
23706
23707
74955
74952
23708
74950
23709
23761
23748
23710
23749
23711
23750
23712
23713
23751
23714
23715
23716
23752
23717
23753
23718
23754
23774
23719
23720
23723
23721
23722
23755
23756
23724
23775
23725
23767
23740
23734
23726
23773
23730
23727
23757
23731
23758
23762
23728
23732
23729
23766
23770
23733
23768
23735
23759
23736
74954
74953
23764
23765
23760
23737
23738
