24135
24197
24136
24137
24138
24139
24140
24183
24141
24142
24182
19892
24198
19893
24199
24143
24134
24200
24144
24145
24146
24184
24147
19894
24148
24201
24149
24203
24185
24150
24186
24204
24151
24187
24152
24153
24154
24155
24206
24156
19895
24188
24157
24158
24159
24160
24207
24208
24189
24161
19896
24162
24163
24181
24190
24164
24209
24165
24210
24211
19897
24212
24191
24195
24196
19898
24213
24166
24167
24168
24216
24171
24192
19899
24169
24193
24170
24172
19900
24173
24175
24174
24214
24176
19901
24215
24194
24205
24177
24178
24179
19902
24180
