19749
24261
24262
24263
19764
24264
24265
19782
19779
24266
24267
24268
19824
24269
19765
19750
19751
24249
24270
19752
19753
24271
19754
24272
19821
24273
19783
24250
19766
24274
19767
19755
24293
19789
19780
24295
19781
24275
19756
19768
19790
19757
75087
24251
19784
19769
24276
24277
19822
24278
24252
24279
24280
24259
19823
19829
19758
24281
19771
19772
24282
19825
24285
19774
24283
24284
19773
19785
19759
19760
24260
24253
24286
24248
19786
24287
24294
19775
24254
24255
19826
19761
24288
24289
19762
19776
19827
24256
24290
24291
24258
24257
19788
19787
19828
19777
19778
19763
24292
