50515
50516
50547
50468
50517
75049
50549
50548
75047
50518
50465
50469
50470
50472
50544
50471
50473
50519
50474
50550
50475
50476
50477
50520
50521
50551
50522
50523
50478
50480
50552
50479
50481
50482
50553
50483
50554
50484
50485
50489
50524
76337
50525
76303
50486
50487
75090
75048
75050
50526
50488
50556
50490
50527
50528
50557
50492
50529
50491
50493
74990
50558
50494
50542
50495
50496
50543
50573
50559
50530
50560
50497
50498
50531
50532
50545
50563
50561
50499
50500
50562
50564
75046
50533
50534
50535
50536
50565
50501
50502
50503
50537
50538
75051
50504
50505
50566
50506
75089
50507
75091
50567
50508
75088
50466
50539
50568
50540
50509
50511
50569
50570
50510
50571
50555
50572
50512
50541
50513
50514
50467
