25680
25681
25682
25683
71534
32264
25685
25700
71563
25719
32377
72582
72597
25610
25611
32378
72675
25686
25612
25613
25614
25687
25615
32265
32266
32267
76253
25616
25617
25701
25618
25619
25620
25688
25621
32379
25622
71573
25716
25711
25623
25697
25627
76305
32380
25709
25624
25625
32376
32268
32269
32270
32271
25626
25707
25628
25689
32272
32273
25629
25720
25630
32381
71564
25699
25631
25632
25634
25633
71228
25690
26244
71625
32274
25721
25635
25636
25637
25638
32275
26245
32276
72580
71562
25639
25640
25710
25641
25717
25703
25642
32253
25691
72600
72599
25684
25643
25644
32277
32278
26246
25645
25702
26247
25646
72745
25648
25649
25650
25651
25692
32255
32254
25652
32280
32279
71620
71519
25653
32281
25705
32282
25654
25655
25656
25658
25657
32283
25704
32284
32256
25659
72581
32287
71571
25665
25660
25693
32285
25694
25706
25661
25662
25666
71528
25667
25708
25663
32286
25664
72598
25647
32288
25668
32257
25669
25670
32258
25671
25673
32289
32290
25672
25674
25675
25695
32259
25676
32291
32292
25722
25677
25698
32260
25678
25696
32293
25718
76286
32261
32262
25679
32263
