49821
28124
28125
28126
28127
28128
28129
25834
28130
28131
28132
25835
28133
28134
28135
28136
28137
28138
25836
28139
28140
28200
28141
28142
28143
28144
28145
28146
28147
50042
25837
25838
25839
25840
28148
28149
28150
28151
28152
28153
28154
28155
28156
25841
28157
28158
28159
28160
25842
25843
28161
28162
28163
25844
28164
28165
28166
25845
28167
28168
28169
28170
28119
28171
28172
28173
28174
28175
28176
25846
28177
50043
28178
25847
28179
25848
71234
28180
25849
25850
25851
28120
28181
28182
28183
28184
28121
25852
28186
50041
25853
28187
28122
28201
28188
28189
28190
28191
28123
28192
28193
28194
28195
28196
25854
28197
28198
28199
25855
25856
