45565
25767
25768
32294
32302
32295
32296
72487
72494
45569
25806
25784
25780
32297
25782
25723
25724
32298
25725
25783
32299
32300
25800
25779
72493
25798
32301
25785
25726
32303
25778
32325
32304
25727
25728
45571
32305
25729
25730
25799
32307
25731
32308
32306
25732
25801
32309
25733
25734
25735
45570
25736
25737
45572
25738
25802
45568
25739
25740
32310
32311
25741
25742
25743
25744
45564
25745
25787
25807
32312
25746
25774
25786
32313
32314
25770
25803
25747
32315
25788
25789
32316
25748
32317
32318
25749
25750
25790
25804
25751
32320
32321
25791
25792
32322
25772
25752
25753
72583
25754
72484
25755
32323
25771
25776
32324
25756
25757
25781
45563
25793
25758
45566
25759
32326
25777
25769
25775
25760
32319
32327
25773
25794
49619
25761
32328
32329
32330
25795
32331
32332
25796
32333
32335
32334
32336
25762
32337
32338
25763
32339
25764
32340
32341
32342
25805
25765
25766
25797
