28236
28259
25874
28260
28261
28263
28264
28262
28265
28237
25878
25867
28266
28268
28238
28269
25887
71446
28270
25876
28271
28284
28272
28273
28274
25882
28258
28239
28240
28241
28242
28275
25868
28276
25877
25869
28243
25884
28277
25880
25885
28278
28279
25870
28244
28280
28281
25713
28282
28283
28285
28245
28257
28246
28247
28286
28248
28249
28287
28288
28289
28250
25712
28290
25871
28291
25715
25872
25714
25875
28251
28292
25881
25873
28293
28294
28295
25879
28252
28296
28298
28299
28253
28297
28254
25886
28255
28267
28256
25883
28301
28300
