13857
71232
13859
13858
26202
13880
26203
13860
13881
13882
26204
13883
13861
13884
13885
43051
26206
26207
26208
26209
13862
13863
13864
13868
26210
26211
13865
13886
13887
13869
26212
43052
26214
26243
26215
26216
26217
26218
26224
13866
13888
26219
13870
43053
26200
26220
26221
13867
26222
26223
26225
43192
26226
26227
43054
13871
26228
26229
43058
13874
26230
43055
13875
13876
13889
43059
13878
26231
43139
43057
13890
26232
43193
13891
13879
13872
26233
26236
43207
26237
26238
26234
13896
13892
13897
13894
26239
26240
13898
13893
13873
26241
13899
26242
13895
