62916
62917
60684
62918
62919
60746
62920
62921
62922
62923
62926
62927
62928
62929
62924
62925
60710
62930
62931
60697
60702
62932
62933
62934
60699
62935
62936
62937
62938
62939
62940
62941
60703
62942
62943
63049
62944
62945
62946
62947
62948
62949
60745
62950
62951
62952
62953
62954
62955
60683
62956
62957
62958
62959
62960
62961
62962
62963
62964
62965
60688
62966
60711
62967
62968
60744
62969
62970
62971
60694
62972
62973
62974
62975
60712
62976
62977
62978
62979
62980
62981
60689
62982
62983
62984
62985
62986
62987
62988
62989
62990
62991
62914
62992
62993
62994
62995
62915
62996
62997
62998
62999
63000
63001
63002
63003
60706
63004
63005
63006
63009
63007
60686
63008
63010
60704
63011
63012
60685
60700
60701
60718
63013
63014
63015
63016
60705
60693
63017
63020
63021
63018
60747
60695
60698
63019
71483
63022
63023
63024
63025
63026
63027
63031
63032
63033
63028
60687
63029
63030
63034
63050
60690
63035
60696
63036
63037
63038
63039
60692
63040
63041
60691
63042
63043
63044
63045
63046
63047
63048
