63172
63116
63129
63130
63131
63095
63096
63117
63097
63114
63132
63111
63118
63119
63113
63098
63120
63099
60768
63133
63121
63134
63135
63136
60771
63122
63101
60770
63166
63137
63138
63139
63102
63123
63141
63142
63103
63144
63104
63145
63146
63147
63105
50083
63151
63106
63148
63149
63150
60773
63124
63152
63170
63153
63154
63155
63156
63157
63140
50082
63159
63107
63158
63160
63108
63125
63143
63115
63109
63161
63164
63126
63162
63163
63110
63112
63127
63100
63165
63168
63169
63167
63171
63094
60769
63093
60772
63128
