60804
63493
63539
63405
63516
63494
63495
63517
63552
63496
63463
63497
63438
63406
63549
63464
63498
60805
63439
63419
60806
63542
60807
63434
63499
63518
63540
63500
63421
63519
63452
63449
45699
63436
63440
63422
63465
63532
63536
63453
63423
63520
63441
63454
63455
63407
63521
60808
63442
63501
63467
63468
63437
63443
63522
63547
63502
63466
63503
63451
63538
45525
63408
63523
60809
71149
63514
63424
63469
63550
63461
63409
63470
63490
63534
63425
63471
63426
63472
60810
60811
71121
63473
63474
63410
63476
63450
63411
63504
60812
63537
63475
60813
71124
63404
63543
63456
63477
60814
60815
63457
60816
60817
63427
60818
63478
63513
60819
63444
63428
63479
63403
63480
63462
63505
63535
63492
63412
63445
63551
63413
63545
63446
63429
63544
63524
63481
63525
63458
63506
63414
63431
45828
63491
63526
63435
63432
63507
60820
50310
63460
63447
63489
63508
63527
63509
63415
63528
60822
63529
63510
63459
63530
63482
63515
60821
60823
63553
63483
63484
63485
63511
63448
63488
63433
63531
63512
63533
63416
71150
63486
63548
63546
60824
63417
63418
63420
63541
63487
