63051
63052
60748
63053
63054
63055
50052
63056
60752
63057
63058
63059
50045
63060
63061
63062
50053
63063
62665
62664
62666
62667
62668
62669
62670
62671
62674
50051
60749
62672
62676
62675
62673
62677
50054
62678
62679
62680
62681
62682
60681
62683
62684
62685
62686
62687
62688
62689
60750
62690
62691
62692
62693
62694
62695
62696
60751
62697
62698
62699
62700
62702
62701
62705
62706
62707
62703
62704
62708
62709
62710
62711
62712
50055
62714
62715
62713
62716
62717
62718
62722
62719
62720
62721
62723
60753
62724
45558
62725
62726
62727
62728
62729
62730
62731
62732
62733
62734
62735
62736
