63693
63641
63642
63643
63644
63645
45535
60832
63648
45534
60837
60833
63745
63650
45531
63651
63652
63653
63654
63655
63735
63746
63656
50081
63658
63659
63660
60834
63661
63662
63663
63743
63664
63741
63665
63666
63667
60836
63668
63669
63670
63671
71294
63640
63673
63756
63674
60838
63675
63676
63677
63750
63678
63679
60839
63682
63681
63751
60840
63683
45719
63685
63687
63688
63691
60842
45532
63694
63695
63753
63696
63699
63697
63701
63702
63703
63704
63705
60843
63755
63698
63706
63712
45720
63739
63707
60845
63708
63709
45533
60844
63736
71368
60835
63710
63711
63713
63715
60846
63716
63717
63718
63719
63720
63721
63723
63724
63725
63726
63727
60847
60841
63728
63729
63730
63732
63734
63737
63738
