76285
19591
19592
60707
19596
19597
19598
76263
19599
60709
45559
19600
19601
19602
19603
19604
19605
19606
19607
71457
19618
19619
19620
19621
19622
19631
71630
19632
19633
50306
19634
19635
62913
60719
19636
60724
45718
60720
19637
19639
19640
71448
19641
19642
60721
19643
60726
19644
19645
60682
19646
19647
60743
60734
60738
19648
60728
19649
19650
19651
60730
19652
19653
19654
19655
19656
60737
19657
60717
60715
19658
19659
60741
19667
19668
19669
60714
19675
19676
19677
19678
60708
19679
19680
19681
60733
19682
19683
19684
19685
19686
19691
19692
19693
19694
19703
19704
19705
19706
60722
19702
60725
19707
60739
19708
62872
62873
62874
60735
62878
62875
60742
62876
62877
62879
62880
60727
71494
62881
63304
62885
62882
60740
62883
60736
71472
62884
62886
62887
62888
60731
60732
60723
62889
62890
19590
62891
62892
62893
62894
62895
62896
62897
60729
62898
62899
62900
62901
62902
62903
60716
62912
71450
62904
62905
62906
62907
62908
62909
62910
60713
62911
