62738
76252
62739
62740
62742
62788
62745
62746
62789
62790
63247
60754
62824
62791
62747
62749
62793
62783
62775
62785
62794
62750
62795
62752
60755
76419
76350
62796
62797
62798
62799
62800
62754
62802
62803
60756
60757
45830
62782
62756
62757
62758
60758
62806
62807
76364
62828
62760
45703
62761
62784
62808
62809
76360
62825
45702
62812
62813
71444
45698
62766
62765
62814
76369
62737
76370
45697
62770
45701
62787
62769
62815
76258
62823
62772
76354
62773
62817
62774
62818
62776
62819
60759
76301
62820
62821
62778
62822
62779
76411
62780
