76379
63240
63241
63242
63243
76357
76358
63245
63340
63249
63250
63251
63252
63253
63254
63255
63327
63339
63257
63259
63332
63260
63261
63264
63334
63265
63266
71366
63263
63333
76366
63267
60797
63269
63329
63271
63272
63330
63273
63274
63275
63276
63277
71362
63279
71439
60796
63280
63281
63282
63284
63287
63286
45524
45717
63290
63288
63291
63292
71434
63293
63294
63295
63296
63302
63298
63300
63299
60798
63338
63305
63301
63306
60795
63303
63307
63308
63309
71356
63311
63312
63314
63316
63315
63317
63318
63319
63320
63321
63331
63322
71357
63323
63325
