63555
63556
63613
63554
63557
63614
63558
60825
63607
63615
50100
63559
63560
63616
63561
63562
63563
63564
63565
63617
63618
63619
63611
60826
50101
60827
63566
63567
63568
63569
63570
63571
63620
63572
63637
63621
63638
63573
60828
63574
63622
63635
63575
63578
63623
63576
63577
63639
63579
63580
63624
63581
63582
63583
63584
63634
63626
63585
63586
63625
63627
63628
63612
63588
63636
63587
63631
63590
60829
63591
63629
63630
63592
63593
63596
63594
63589
63597
63595
63598
63599
63600
63601
63602
63632
63603
63604
60830
60831
63605
63606
63608
63633
63609
63610
